3 10
5 0 0.300000
3 0 0.300000
8 0 0.300000
0.832992
0.057215
0.699272
0.989839
0.347823
0.175418
0.969714
0.723229
0.645430
0.159361
0.282300
0.473657
0.998002
0.903703
0.788688
0.579582
0.247121
0.824070
0.909026
0.664207
0.379216
0.357746
0.157309
0.202287
0.284390
0.916532
0.798361
0.231992
0.349472
0.309028
0.323491
0.182464
0.366243
0.022763
0.172303
0.714066
0.198181
0.142016
0.437295
0.843611
0.301378
0.719594
0.317268
0.299379
0.623297
0.105955
0.878962
0.870418
0.930025
0.787988
0.534625
0.309241
0.145734
0.691934
0.511528
0.430125
0.608466
0.309889
0.662116
0.957938
0.618917
0.985608
0.140402
0.985160
0.008371
0.312705
0.699226
0.206552
0.454721
0.136520
0.050163
0.756099
0.856115
0.367430
0.055478
0.479412
0.473386
0.934440
0.349830
0.403410
0.722428
0.884455
0.712651
0.868162
0.576389
0.224179
0.298287
0.184856
0.534067
